1 120       
2 60        
3 200       
4 400       
5 200       
6 30        
7 160       
8 180       
9 200       
10 180       
11 130       
13 200       
20 400       
22 170       
30 310       
40 190       
Mzda ze dne: 2020-05-29
ID   jméno               příjmění            narození    země  Kč/hod  pozice              hodiny    HM        SHM       ZnD       OSZ       CM        
1    Vaclav              Kurel               21 05 1997  CZ    250,00  IT-spravce          120       30000,00  40200,00  3960,00   3300,00   22740,00  
2    Tomas               Novak               05 06 1990  CZ    150,00  mistr               60        9000,00   12060,00  0,00      990,00    8010,00   
3    Jan                 Jon                 25 11 1980  UK    100,00  delnik              200       20000,00  26800,00  1950,00   2200,00   15850,00  
4    Sam                 Kam                 16 11 1993  EN    270,00  vedouci-marketing   400       108000,00 144720,00 19638,00  11880,00  76482,00  
5    Lukas               Huk                 04 08 1978  CZ    200,00  ucetni              200       40000,00  53600,00  5970,00   4400,00   29630,00  
6    Pavel               Chudy               01 01 1992  CZ    200,00  dispecer            30        6000,00   8040,00   0,00      660,00    5340,00   
7    Alzbeta             Dvorakova           28 06 1991  CZ    250,00  mzdova-ucetni       160       40000,00  53600,00  5970,00   4400,00   29630,00  
8    Viktor              Viking              05 06 1987  UK    100,00  delnik              180       18000,00  24120,00  1548,00   1980,00   14472,00  
9    Josef               Fifan               02 02 1977  SK    150,00  delnik_mistr        200       30000,00  40200,00  3960,00   3300,00   22740,00  
10   Vit                 Rom                 06 02 1975  CZ    100,00  kuchar              180       18000,00  24120,00  1548,00   1980,00   14472,00  
11   Jan                 Kendik              27 04 1999  CZ    400,00  uklizec             130       52000,00  69680,00  8382,00   5720,00   37898,00  
13   Vladislav           Sames               06 08 1979  CZ    150,00  delnik_kov          200       30000,00  40200,00  3960,00   3300,00   22740,00  
20   Petr                Pan                 03 03 1986  US    100,00  uklizec             400       40000,00  53600,00  5970,00   4400,00   29630,00  
23   V                   K                   05 05 1990  CZ    200,00  delnik_mist         200       40000,00  53600,00  5970,00   4400,00   29630,00  
30   John                Fom                 04 06 1975  US    200,00  delnik_plast        310       62000,00  83080,00  10392,00  6820,00   44788,00  
40   Thomas              New                 06 09 1990  EN    200,00  delnik_soustruh     190       38000,00  50920,00  5568,00   4180,00   28252,00  
